2 0.1359375 0.3578125 0.1703125 0.1921875
2 0.3640625 0.36015625 0.13984375 0.1734375
2 0.62421875 0.35859375 0.178125 0.17421875
2 0.8453125 0.3625 0.1625 0.1609375
2 0.14375 0.64609375 0.1703125 0.17578125
2 0.47109375 0.64453125 0.15859375 0.16953125
2 0.79453125 0.6578125 0.2015625 0.16953125
2 0.12421875 0.165625 0.1546875 0.14375
2 0.85078125 0.1546875 0.1046875 0.1421875
2 0.71875 0.16875 0.128125 0.15703125
2 0.571875 0.16015625 0.1203125 0.1359375
2 0.4046875 0.16875 0.128125 0.140625
2 0.29453125 0.14921875 0.11640625 0.15