2 0.565625 0.26640625 0.078125 0.228125
2 0.634375 0.5078125 0.078125 0.1953125
2 0.7796875 0.54765625 0.053125 0.20859375
2 0.79921875 0.225 0.078125 0.23828125
2 0.47421875 0.459375 0.0640625 0.171875
2 0.35703125 0.5359375 0.06875 0.15234375
2 0.2953125 0.54375 0.0625 0.175
2 0.171875 0.58671875 0.05078125 0.175
2 0.10234375 0.5953125 0.0625 0.2046875
2 0.0265625 0.5921875 0.053125 0.21796875
2 0.096875 0.36171875 0.06015625 0.18203125
2 0.17109375 0.27421875 0.06640625 0.2046875
2 0.253125 0.20703125 0.053125 0.1953125
2 0.32890625 0.2 0.053125 0.1953125
2 0.45 0.15703125 0.05546875 0.1953125
2 0.66796875 0.10078125 0.06015625 0.1953125
2 0.953125 0.2859375 0.0625 0.20859375