2 0.13671875 0.83671875 0.17109375 0.21796875
2 0.3296875 0.828125 0.1921875 0.2265625
2 0.5265625 0.83515625 0.16875 0.21953125
2 0.7 0.8265625 0.1640625 0.2375
2 0.88203125 0.8390625 0.18046875 0.21796875
2 0.84375 0.515625 0.12734375 0.371875
2 0.69453125 0.5046875 0.134375 0.42421875
2 0.5234375 0.5234375 0.16171875 0.3828125
2 0.334375 0.5046875 0.1828125 0.4109375
2 0.15078125 0.49921875 0.1484375 0.41328125
2 0.121875 0.19375 0.13203125 0.1890625
2 0.26875 0.15625 0.1484375 0.2640625
2 0.40390625 0.18359375 0.09921875 0.20859375
2 0.534375 0.1625 0.125 0.25078125
2 0.6734375 0.1734375 0.1109375 0.22890625
2 0.81484375 0.1625 0.125 0.2421875